3519414072 3525399200 3436227086 3267409068 3130094204 3543909709 3410214936 3111898888 3687128728
3393502646 3684657471 3465560050 3734222821 3352969505 3243487840 3393437496 3119522118 3933857807
3076501733 3252403241 3532065687 3822660957 3076720960 3471791467 3698996188 3705014587 3783062631
3798641510 3812363133 3637555319 3664054582 3600485742 3637448580 3951920792 3615380714 3191929504
3272956871 3435068937 3732361209 3075505396 3255579575 3200116838 3749557146 3167108943 3333333904
3353486442 3750140543 3998763692 3222172181 3008529737 3331351296 3971393376 3250343514 3852951557
3673668216 3476457205 3490863735 3437899644 3023276132 3069880755 3952382471 3112033378 3022155105
3912846565 3593902273 3646645515 3796717601 3059168633 3361971823 3301978896 3911244796 3992809962
3328183512 3501125066 3455899930 3105711725 3701072688 3826689333 3446644577 3117846568 3010322915
3093710937 3860032028 3606617884 3285282430 3373529866 3838316263 3193992229 3079855920 3462584632
3170389613 3331538439 3968598474 3818624330 3253664957 3854742764 3463317834 3101573632 3951464551
3587619974 
